Camera Matrix mtxG:
3.895982728481461436e+03,0.000000000000000000e+00,2.375302528636943862e+03
0.000000000000000000e+00,3.891338795863054202e+03,1.714470306147638212e+03
0.000000000000000000e+00,0.000000000000000000e+00,1.000000000000000000e+00


Camera Matrix mtxD:
3.853913056025005972e+03,0.000000000000000000e+00,2.395379896638006812e+03
0.000000000000000000e+00,3.861999576279004941e+03,1.676414607137890243e+03
0.000000000000000000e+00,0.000000000000000000e+00,1.000000000000000000e+00


Rotation Matrix R:
9.995506058225234192e-01,2.499335064457210067e-04,-2.997538878928698511e-02
-2.118932446361477097e-04,9.999991682789086678e-01,1.272219612998739440e-03
2.997568182843275350e-02,-1.265296302522394894e-03,9.995498274344243317e-01


Translation Vector T:
-1.345002257294719961e+01
-3.600602819934663468e-01
-9.956976352171891254e-01
