Camera Matrix mtxG:
4.169500123560721477e+03,0.000000000000000000e+00,2.272976714298584284e+03
0.000000000000000000e+00,4.169270718323354231e+03,1.682075082668976847e+03
0.000000000000000000e+00,0.000000000000000000e+00,1.000000000000000000e+00


Camera Matrix mtxD:
3.858215277660691299e+03,0.000000000000000000e+00,2.414822572560165554e+03
0.000000000000000000e+00,3.861951003789759397e+03,1.692597302407712505e+03
0.000000000000000000e+00,0.000000000000000000e+00,1.000000000000000000e+00


Rotation Matrix R:
9.309732477001871898e-01,2.989657899275054986e-01,2.095429992139766218e-01
-1.780285298759176627e-02,6.104454850797600418e-01,-7.918581742782218047e-01
-3.646530823838846636e-01,7.334683130161514519e-01,5.736308597950189325e-01


Translation Vector T:
-3.633517391109733552e+01
5.468551377156067161e+01
2.152804957848927003e+01
